/Library/Java/JavaVirtualMachines/adoptopenjdk-11.jdk/Contents/Home/bin/java -javaagent:/Applications/IntelliJ IDEA CE.app/Contents/lib/idea_rt.jar=50058:/Applications/IntelliJ IDEA CE.app/Contents/bin -Dfile.encoding=UTF-8 -classpath /Users/wzq/wk/algorithm4/sources/linear-programming/out/production/linear-program:/Users/wzq/wk/algorithm4/libs/algs4.jar LinearProgramming 3 2
----- test 1 --------------------
m = 2
n = 2
0.0 1.0 0.1111111111111111 -0.2222222222222222 1.1111111111111112 
1.0 0.0 0.5555555555555556 -0.11111111111111116 1.5555555555555554 
0.0 0.0 -1.0 0.0 -2.0 
value = 2.0
x_1 = 1.1111111111111112
x_0 = 1.5555555555555554

value = 2.0
x[0] = 1.5555555555555554
x[1] = 1.1111111111111112
y[0] = 1.0
y[1] = -0.0


Process finished with exit code 0
